Horizon           Method             ARIMA            SARIMA              ARGO          LightGBM          AdaBoost
     h0       Detrending 0.91 (0.87, 0.97) 1.00 (0.92, 1.08) 0.80 (0.74, 0.88) 0.92 (0.88, 0.95) 0.90 (0.81, 0.99)
     h0        Denoising 0.92 (0.87, 0.95) 1.02 (0.92, 1.09) 0.80 (0.74, 0.88) 0.91 (0.88, 0.96) 0.89 (0.82, 0.97)
     h0       Clustering 0.96 (0.89, 0.99) 1.01 (0.92, 1.11) 0.77 (0.67, 0.88) 0.95 (0.90, 0.99) 0.91 (0.83, 0.97)
     h0           Topics 1.15 (1.10, 1.28) 1.10 (1.01, 1.25) 0.78 (0.71, 0.85) 0.96 (0.91, 1.03) 0.91 (0.84, 0.98)
     h0 Non-preprocessed 1.28 (1.23, 1.37) 1.39 (1.17, 1.67) 1.19 (1.10, 1.29) 0.94 (0.90, 0.99) 0.91 (0.85, 1.02)
     h1       Detrending 0.90 (0.83, 0.93) 0.90 (0.82, 0.98) 0.85 (0.81, 0.91) 0.85 (0.80, 0.92) 0.79 (0.60, 0.86)
     h1        Denoising 0.91 (0.84, 0.93) 0.91 (0.84, 0.97) 0.86 (0.81, 0.91) 0.85 (0.77, 0.91) 0.76 (0.58, 0.87)
     h1       Clustering 0.91 (0.84, 0.96) 0.90 (0.82, 0.99) 0.83 (0.78, 0.90) 0.91 (0.84, 1.00) 0.84 (0.70, 0.91)
     h1           Topics 1.08 (1.03, 1.15) 0.97 (0.87, 1.06) 0.80 (0.75, 0.91) 0.92 (0.86, 1.00) 0.77 (0.65, 0.93)
     h1 Non-preprocessed 1.13 (1.08, 1.20) 1.02 (0.91, 1.20) 1.01 (0.95, 1.05) 0.93 (0.87, 1.00) 0.86 (0.74, 0.95)
     h2       Detrending 0.91 (0.85, 0.94) 0.85 (0.78, 0.95) 0.90 (0.86, 0.96) 0.88 (0.80, 0.95) 0.78 (0.66, 0.90)
     h2        Denoising 0.92 (0.85, 0.94) 0.87 (0.77, 0.94) 0.90 (0.86, 0.95) 0.88 (0.82, 0.92) 0.80 (0.70, 0.91)
     h2       Clustering 0.92 (0.85, 0.96) 0.87 (0.77, 0.92) 0.89 (0.83, 0.94) 0.92 (0.85, 1.00) 0.86 (0.76, 0.97)
     h2           Topics 1.05 (1.01, 1.11) 0.95 (0.83, 1.06) 0.91 (0.85, 0.95) 0.95 (0.91, 1.00) 0.82 (0.67, 0.93)
     h2 Non-preprocessed 1.09 (1.02, 1.17) 0.96 (0.83, 1.10) 0.97 (0.92, 1.02) 0.95 (0.88, 1.01) 0.88 (0.78, 0.99)
     h3       Detrending 0.90 (0.85, 0.95) 0.85 (0.73, 0.95) 0.92 (0.88, 0.97) 0.89 (0.81, 0.99) 0.80 (0.71, 0.89)
     h3        Denoising 0.92 (0.86, 0.96) 0.85 (0.77, 0.93) 0.93 (0.88, 0.97) 0.90 (0.82, 1.01) 0.85 (0.74, 0.93)
     h3       Clustering 0.93 (0.86, 0.97) 0.85 (0.75, 0.92) 0.91 (0.88, 0.96) 0.91 (0.86, 1.00) 0.88 (0.78, 0.94)
     h3           Topics 1.04 (0.99, 1.10) 0.93 (0.82, 1.06) 0.99 (0.94, 1.02) 0.96 (0.89, 1.02) 0.87 (0.74, 0.95)
     h3 Non-preprocessed 1.07 (1.01, 1.16) 0.94 (0.82, 1.05) 0.95 (0.90, 0.99) 0.97 (0.88, 1.02) 0.90 (0.82, 0.99)